3,25,5,5
4,289,17,17
5,899,31,29
6,2209,47,47
7,5767,73,79
8,31553,227,139
9,100879,281,359
10,625249,853,733
11,3450697,1931,1787
12,9893701,3299,2999
13,57018911,7927,7193
14,185334649,11777,15737
15,407638013,19069,21377
16,1631957777,39869,40933
17,6271046833,79889,78497
18,34416802873,255733,134581
19,147703864277,281989,523793
20,607374213499,897581,676679
21,2309334066773,1318963,1750871
22,5940916784809,2246789,2644181
23,35784827385767,5427757,6592931
24,226038364023733,15094939,14974447
25,603523995253681,26736791,22572791
26,2848333319081963,47309189,60206767
27,9363805566998327,111685729,83840663
28,25256935433071597,168236657,150127421
29,143199697633167179,371793181,385159559
30,714988285293947611,843021733,848125567
31,2420739719446923311,1314949481,1840937431
32,14174028463900192931,3748689377,3781062403
How many bits, should the primes be?
nbits: 
